10
0.85403518451083 0.5089597114685348 0.17756662501914822 0.09566949942620895 0.8265586276134518 0.48597598963119015 0.5596893694399482 0.5498337444476105 0.022383839724463783 0.6815642584514608 
0.0 0.07483208325300753 0.4944429093163085 0.5823575162041985 -0.01654452658503658 0.7040245748549563 0.7101864032137012 0.3917851366571086 0.39444736311245954 0.2666467934345701 
0.0 0.0 1.3784735628069318 2.4664049104899064 0.23098805798131924 1.9735011937893976 2.40105264557 1.337091292605734 1.7801053902319313 0.713951801071697 
0.0 5.551115123125783E-17 0.0 1.3642427750502306 0.4856536820403029 -0.4623349660511269 0.04498004839831182 0.18134832361178255 1.540145905193909 0.10176095227505555 
0.0 -4.230286334561815E-17 0.0 0.0 0.9510197750019123 0.1549818717331511 0.46293336087182635 0.46291954449218853 0.13109217791942784 0.44323790502538885 
0.0 2.07758115395234E-17 0.0 0.0 0.0 0.39194324685589954 -0.06825220580369115 0.3946992194562313 0.5340454477839873 -0.04483375684165744 
0.0 1.1266458811196173E-16 0.0 0.0 0.0 0.0 -0.6752110549482389 0.7286442410369149 2.441243492557488 0.4687165466748402 
0.0 -8.390049765609965E-18 0.0 0.0 0.0 0.0 0.0 -0.13240078925247722 0.7704715819492165 0.5368839984472304 
0.0 -9.742149572989568E-17 6.938893903907228E-18 0.0 0.0 0.0 0.0 0.0 -11.770403988718689 -7.23198951859818 
0.0 2.4420456960601154E-17 -4.269235642282547E-18 0.0 0.0 0.0 0.0 0.0 8.881784197001252E-16 -6.9029021529942725E-6 
0.08477603186904159 0.49539584293498773 0.3471346772356724 0.061273878976880525 0.01064091491352126 0.4418415616763026 0.3906866892523133 0.8645918446655755 0.6578456104824628 0.25142632614495664 
