15
1.0 0.0 0.0 0.0 0.0 0.0 0.0 0.0 0.0 0.0 0.0 0.0 0.0 0.0 0.0
0.0 1.0 0.0 0.0 0.0 0.0 0.0 0.0 0.0 0.0 0.0 8.673617379884035E-19 0.0 0.0 0.0
0.0 0.0 1.0 0.0 0.0 0.0 0.0 0.0 0.0 0.0 0.0 0.0 0.0 0.0 0.0
5.551115123125783E-17 0.0 0.0 1.0 0.0 0.0 1.3877787807814457E-17 0.0 0.0 0.0 1.3877787807814457E-17 0.0 0.0 -1.3877787807814457E-17 0.0
0.0 0.0 0.0 0.0 1.0 0.0 0.0 0.0 0.0 0.0 0.0 0.0 0.0 0.0 0.0
0.0 0.0 0.0 0.0 0.0 1.0 0.0 0.0 0.0 0.0 0.0 0.0 0.0 0.0 0.0
0.0 0.0 0.0 0.0 0.0 0.0 1.0 0.0 0.0 0.0 0.0 -8.673617379884035E-19 0.0 0.0 0.0
0.0 0.0 0.0 0.0 0.0 0.0 -1.3877787807814457E-17 1.0 0.0 0.0 0.0 0.0 0.0 -1.3877787807814457E-17 0.0
0.0 0.0 0.0 4.440892098500626E-16 -2.7755575615628914E-17 0.0 0.0 0.0 1.0 0.0 0.0 0.0 0.0 0.0 0.0
0.0 0.0 0.0 0.0 0.0 0.0 0.0 0.0 0.0 1.0 -1.3877787807814457E-17 -8.673617379884035E-19 0.0 -1.3877787807814457E-17 0.0
0.0 0.0 0.0 0.0 0.0 0.0 1.3877787807814457E-17 0.0 0.0 0.0 1.0 0.0 0.0 0.0 0.0
-5.551115123125783E-17 0.0 0.0 0.0 0.0 0.0 0.0 0.0 0.0 0.0 0.0 1.0 0.0 0.0 0.0
0.0 0.0 0.0 0.0 0.0 0.0 0.0 0.0 0.0 0.0 0.0 0.0 1.0 0.0 0.0
0.0 0.0 0.0 0.0 0.0 0.0 0.0 0.0 0.0 0.0 0.0 0.0 0.0 1.0 0.0
0.0 0.0 0.0 0.0 0.0 0.0 0.0 0.0 0.0 0.0 0.0 0.0 0.0 -1.3877787807814457E-17 1.0
-0.5535598625142804 -0.05067651114070023 -0.3473165237239987 -1.6542570703056576 1.2551143962442697 -0.3814515523144481 -0.9539278207715038 -0.3477037633561409 -0.14874588242948036 0.6463610027084756 1.1471447557030445 -0.06697242621464189 0.6037270621243807 0.872925191701795 0.6301394487164426
