50
1.0 0.0 0.0 0.0 0.0 0.0 0.0 -6.938893903907228E-18 0.0 0.0 0.0 0.0 0.0 0.0 0.0 0.0 0.0 0.0 0.0 0.0 0.0 0.0 0.0 0.0 0.0 0.0 0.0 0.0 0.0 0.0 0.0 0.0 0.0 0.0 0.0 0.0 0.0 0.0 0.0 0.0 0.0 0.0 0.0 0.0 0.0 0.0 0.0 -2.220446049250313E-16 0.0 0.0
0.0 1.0 0.0 0.0 0.0 0.0 0.0 6.938893903907228E-18 0.0 0.0 0.0 0.0 0.0 0.0 0.0 0.0 0.0 0.0 0.0 0.0 0.0 0.0 0.0 0.0 0.0 0.0 0.0 0.0 0.0 0.0 0.0 0.0 0.0 0.0 0.0 0.0 0.0 0.0 0.0 0.0 0.0 0.0 0.0 0.0 0.0 0.0 0.0 0.0 0.0 0.0
0.0 0.0 1.0 0.0 0.0 0.0 0.0 0.0 0.0 0.0 0.0 0.0 0.0 0.0 0.0 0.0 0.0 0.0 0.0 0.0 0.0 0.0 0.0 0.0 0.0 0.0 1.3877787807814457E-17 0.0 0.0 0.0 -1.3877787807814457E-17 0.0 0.0 0.0 0.0 0.0 0.0 0.0 0.0 0.0 0.0 0.0 0.0 0.0 0.0 0.0 0.0 0.0 0.0 0.0
0.0 0.0 0.0 1.0 5.551115123125783E-17 0.0 0.0 -6.938893903907228E-18 6.938893903907228E-18 0.0 0.0 0.0 0.0 0.0 0.0 0.0 0.0 -1.734723475976807E-18 0.0 0.0 0.0 0.0 0.0 8.673617379884035E-19 0.0 0.0 0.0 0.0 0.0 0.0 1.3877787807814457E-17 0.0 -1.7763568394002505E-15 8.881784197001252E-16 0.0 0.0 -3.552713678800501E-15 0.0 0.0 0.0 0.0 0.0 0.0 0.0 0.0 0.0 0.0 -2.220446049250313E-16 0.0 0.0
0.0 0.0 0.0 -5.551115123125783E-17 1.0 0.0 0.0 0.0 0.0 0.0 0.0 0.0 0.0 0.0 0.0 0.0 0.0 0.0 0.0 -2.7755575615628914E-17 0.0 0.0 0.0 0.0 0.0 0.0 0.0 0.0 0.0 0.0 0.0 -2.220446049250313E-16 0.0 0.0 0.0 0.0 0.0 0.0 0.0 0.0 0.0 0.0 0.0 0.0 4.440892098500626E-16 0.0 0.0 0.0 0.0 0.0
0.0 0.0 -2.7755575615628914E-17 0.0 0.0 1.0 0.0 0.0 0.0 0.0 0.0 0.0 0.0 0.0 0.0 0.0 0.0 0.0 0.0 0.0 0.0 0.0 0.0 0.0 0.0 0.0 0.0 0.0 0.0 0.0 0.0 0.0 0.0 0.0 0.0 0.0 -3.552713678800501E-15 0.0 0.0 0.0 0.0 0.0 0.0 -8.881784197001252E-16 0.0 0.0 0.0 0.0 0.0 0.0
0.0 0.0 0.0 0.0 0.0 0.0 0.9999999999999999 0.0 0.0 0.0 0.0 0.0 0.0 0.0 0.0 0.0 0.0 0.0 0.0 2.7755575615628914E-17 0.0 0.0 0.0 0.0 0.0 0.0 0.0 0.0 0.0 0.0 -1.3877787807814457E-17 0.0 0.0 0.0 -8.881784197001252E-16 0.0 0.0 0.0 0.0 0.0 0.0 0.0 0.0 0.0 0.0 0.0 0.0 0.0 0.0 0.0
0.0 0.0 0.0 0.0 0.0 0.0 0.0 1.0 0.0 0.0 0.0 0.0 0.0 0.0 0.0 0.0 0.0 0.0 -6.938893903907228E-18 0.0 0.0 0.0 0.0 0.0 0.0 0.0 0.0 0.0 0.0 0.0 0.0 0.0 0.0 0.0 0.0 0.0 0.0 0.0 -1.1368683772161603E-13 0.0 0.0 0.0 0.0 -8.881784197001252E-16 0.0 0.0 0.0 0.0 -8.881784197001252E-16 0.0
0.0 0.0 0.0 0.0 -5.551115123125783E-17 0.0 0.0 0.0 1.0 0.0 0.0 -2.7755575615628914E-17 0.0 0.0 0.0 0.0 0.0 0.0 0.0 0.0 0.0 0.0 0.0 0.0 0.0 0.0 1.3877787807814457E-17 0.0 0.0 0.0 0.0 -2.220446049250313E-16 0.0 0.0 0.0 0.0 3.552713678800501E-15 0.0 0.0 0.0 0.0 0.0 0.0 0.0 0.0 0.0 0.0 0.0 0.0 0.0
0.0 0.0 0.0 0.0 0.0 1.734723475976807E-18 0.0 0.0 0.0 1.0 0.0 2.7755575615628914E-17 0.0 0.0 0.0 0.0 0.0 0.0 -6.938893903907228E-18 0.0 0.0 0.0 0.0 0.0 0.0 0.0 0.0 0.0 0.0 0.0 0.0 0.0 0.0 0.0 0.0 0.0 0.0 0.0 0.0 0.0 0.0 0.0 0.0 0.0 0.0 0.0 0.0 2.220446049250313E-16 0.0 0.0
0.0 0.0 0.0 0.0 0.0 1.734723475976807E-18 0.0 0.0 0.0 0.0 1.0 0.0 0.0 0.0 0.0 0.0 0.0 0.0 0.0 0.0 0.0 0.0 0.0 0.0 0.0 0.0 1.3877787807814457E-17 0.0 0.0 0.0 0.0 0.0 0.0 -8.881784197001252E-16 0.0 0.0 0.0 0.0 1.1368683772161603E-13 0.0 0.0 1.4210854715202004E-14 0.0 -8.881784197001252E-16 0.0 0.0 0.0 2.220446049250313E-16 0.0 0.0
0.0 0.0 0.0 0.0 0.0 1.734723475976807E-18 0.0 0.0 0.0 0.0 0.0 1.0 0.0 0.0 0.0 0.0 0.0 0.0 0.0 2.7755575615628914E-17 0.0 8.673617379884035E-19 0.0 -8.673617379884035E-19 0.0 0.0 0.0 0.0 0.0 0.0 0.0 0.0 0.0 0.0 0.0 0.0 0.0 0.0 0.0 0.0 0.0 0.0 0.0 0.0 0.0 0.0 0.0 2.220446049250313E-16 -8.881784197001252E-16 0.0
0.0 0.0 0.0 0.0 0.0 0.0 0.0 0.0 0.0 0.0 0.0 0.0 1.0 0.0 0.0 0.0 0.0 1.734723475976807E-18 0.0 2.7755575615628914E-17 0.0 0.0 0.0 0.0 0.0 0.0 0.0 0.0 0.0 0.0 0.0 2.220446049250313E-16 0.0 0.0 0.0 0.0 0.0 0.0 0.0 0.0 -5.684341886080802E-14 0.0 -5.684341886080802E-14 8.881784197001252E-16 0.0 0.0 0.0 0.0 0.0 0.0
0.0 0.0 0.0 0.0 0.0 0.0 0.0 -6.938893903907228E-18 0.0 0.0 0.0 2.7755575615628914E-17 0.0 1.0 0.0 0.0 0.0 0.0 0.0 -2.7755575615628914E-17 0.0 0.0 0.0 0.0 0.0 0.0 0.0 0.0 0.0 0.0 0.0 0.0 0.0 0.0 0.0 0.0 0.0 0.0 0.0 0.0 0.0 0.0 0.0 0.0 0.0 0.0 0.0 2.220446049250313E-16 0.0 0.0
0.0 0.0 0.0 0.0 0.0 0.0 0.0 0.0 0.0 0.0 0.0 0.0 0.0 0.0 1.0 0.0 0.0 0.0 0.0 0.0 0.0 0.0 0.0 0.0 0.0 0.0 0.0 0.0 0.0 0.0 -1.3877787807814457E-17 0.0 0.0 0.0 0.0 0.0 0.0 0.0 0.0 0.0 0.0 0.0 0.0 0.0 4.440892098500626E-16 0.0 0.0 0.0 0.0 0.0
0.0 0.0 0.0 0.0 0.0 1.734723475976807E-18 0.0 0.0 -6.938893903907228E-18 0.0 0.0 0.0 0.0 0.0 0.0 1.0 0.0 -1.734723475976807E-18 0.0 2.7755575615628914E-17 0.0 0.0 0.0 0.0 0.0 0.0 0.0 0.0 0.0 0.0 -1.3877787807814457E-17 0.0 -1.7763568394002505E-15 0.0 0.0 0.0 0.0 -1.4210854715202004E-14 -1.1368683772161603E-13 0.0 0.0 0.0 0.0 0.0 0.0 0.0 0.0 0.0 0.0 0.0
0.0 0.0 0.0 0.0 0.0 0.0 0.0 0.0 0.0 0.0 0.0 0.0 0.0 0.0 0.0 0.0 1.0 0.0 0.0 0.0 0.0 0.0 0.0 0.0 0.0 0.0 0.0 0.0 0.0 0.0 0.0 0.0 0.0 0.0 0.0 0.0 0.0 0.0 -1.1368683772161603E-13 0.0 0.0 0.0 0.0 0.0 0.0 0.0 0.0 -2.220446049250313E-16 0.0 0.0
0.0 0.0 0.0 0.0 0.0 0.0 0.0 -6.938893903907228E-18 0.0 0.0 0.0 0.0 0.0 0.0 0.0 0.0 -1.3877787807814457E-17 0.9999999999999999 0.0 0.0 0.0 0.0 0.0 0.0 0.0 0.0 0.0 0.0 0.0 0.0 0.0 2.220446049250313E-16 1.7763568394002505E-15 0.0 0.0 0.0 0.0 0.0 1.1368683772161603E-13 0.0 5.684341886080802E-14 0.0 0.0 0.0 0.0 0.0 0.0 0.0 0.0 0.0
0.0 0.0 -2.7755575615628914E-17 0.0 0.0 1.734723475976807E-18 0.0 0.0 0.0 0.0 0.0 0.0 0.0 0.0 0.0 0.0 0.0 0.0 0.9999999999999999 0.0 0.0 0.0 0.0 0.0 6.938893903907228E-18 0.0 0.0 0.0 0.0 0.0 0.0 0.0 0.0 0.0 0.0 0.0 0.0 0.0 0.0 0.0 0.0 0.0 0.0 0.0 0.0 0.0 0.0 0.0 0.0 0.0
0.0 0.0 0.0 0.0 0.0 0.0 0.0 -6.938893903907228E-18 0.0 0.0 0.0 0.0 0.0 0.0 0.0 0.0 0.0 0.0 0.0 0.9999999999999999 0.0 0.0 0.0 -8.673617379884035E-19 0.0 0.0 0.0 0.0 0.0 0.0 0.0 2.220446049250313E-16 0.0 0.0 0.0 0.0 0.0 0.0 1.1368683772161603E-13 0.0 0.0 0.0 0.0 0.0 -4.440892098500626E-16 0.0 0.0 0.0 0.0 0.0
0.0 0.0 0.0 0.0 0.0 0.0 0.0 0.0 0.0 0.0 0.0 0.0 0.0 0.0 0.0 0.0 0.0 0.0 0.0 0.0 1.0 0.0 0.0 0.0 0.0 0.0 0.0 0.0 0.0 0.0 0.0 0.0 0.0 -8.881784197001252E-16 0.0 0.0 0.0 0.0 0.0 0.0 0.0 0.0 0.0 0.0 -4.440892098500626E-16 0.0 0.0 0.0 0.0 0.0
0.0 0.0 0.0 0.0 0.0 1.734723475976807E-18 0.0 0.0 0.0 0.0 0.0 0.0 0.0 0.0 0.0 -1.1102230246251565E-16 0.0 0.0 0.0 2.7755575615628914E-17 0.0 1.0 0.0 0.0 0.0 0.0 0.0 0.0 0.0 0.0 0.0 0.0 0.0 0.0 -8.881784197001252E-16 0.0 0.0 0.0 1.1368683772161603E-13 0.0 -5.684341886080802E-14 0.0 0.0 0.0 0.0 0.0 0.0 0.0 0.0 0.0
0.0 0.0 0.0 0.0 0.0 0.0 0.0 0.0 0.0 0.0 0.0 0.0 0.0 0.0 0.0 0.0 0.0 -1.734723475976807E-18 0.0 0.0 0.0 0.0 0.9999999999999999 0.0 0.0 0.0 0.0 0.0 0.0 0.0 0.0 0.0 0.0 0.0 0.0 0.0 0.0 0.0 0.0 0.0 0.0 0.0 5.684341886080802E-14 0.0 0.0 0.0 0.0 2.220446049250313E-16 0.0 0.0
0.0 0.0 0.0 0.0 0.0 0.0 0.0 0.0 0.0 0.0 0.0 0.0 0.0 0.0 0.0 0.0 0.0 0.0 0.0 0.0 0.0 0.0 0.0 0.9999999999999999 0.0 0.0 -1.3877787807814457E-17 0.0 0.0 0.0 -1.3877787807814457E-17 0.0 0.0 0.0 0.0 0.0 0.0 0.0 0.0 0.0 0.0 0.0 0.0 0.0 4.440892098500626E-16 0.0 0.0 0.0 0.0 0.0
0.0 0.0 2.7755575615628914E-17 0.0 0.0 0.0 0.0 -6.938893903907228E-18 0.0 0.0 0.0 0.0 0.0 0.0 0.0 0.0 0.0 1.734723475976807E-18 0.0 0.0 0.0 0.0 0.0 0.0 1.0 0.0 0.0 0.0 0.0 0.0 -1.3877787807814457E-17 0.0 0.0 0.0 0.0 0.0 0.0 0.0 0.0 0.0 0.0 0.0 0.0 0.0 0.0 0.0 0.0 2.220446049250313E-16 0.0 0.0
0.0 0.0 0.0 0.0 -5.551115123125783E-17 0.0 0.0 -6.938893903907228E-18 0.0 0.0 0.0 0.0 0.0 0.0 0.0 0.0 0.0 0.0 6.938893903907228E-18 0.0 0.0 0.0 0.0 0.0 0.0 1.0 0.0 0.0 0.0 0.0 1.3877787807814457E-17 0.0 0.0 0.0 -8.881784197001252E-16 0.0 0.0 0.0 0.0 0.0 -5.684341886080802E-14 0.0 0.0 0.0 0.0 0.0 0.0 0.0 0.0 0.0
0.0 0.0 0.0 0.0 0.0 0.0 0.0 6.938893903907228E-18 0.0 0.0 0.0 0.0 0.0 0.0 0.0 0.0 0.0 0.0 0.0 0.0 0.0 0.0 0.0 8.673617379884035E-19 0.0 0.0 1.0 0.0 0.0 0.0 0.0 0.0 1.7763568394002505E-15 0.0 0.0 0.0 0.0 0.0 0.0 0.0 5.684341886080802E-14 0.0 0.0 0.0 0.0 0.0 0.0 0.0 0.0 0.0
0.0 0.0 0.0 0.0 0.0 0.0 0.0 6.938893903907228E-18 0.0 0.0 0.0 0.0 0.0 0.0 0.0 0.0 0.0 0.0 0.0 0.0 0.0 0.0 0.0 0.0 0.0 0.0 0.0 0.9999999999999999 0.0 0.0 0.0 0.0 1.7763568394002505E-15 0.0 0.0 0.0 -3.552713678800501E-15 0.0 -1.1368683772161603E-13 0.0 5.684341886080802E-14 0.0 0.0 -8.881784197001252E-16 0.0 0.0 0.0 0.0 0.0 0.0
0.0 0.0 0.0 0.0 0.0 0.0 0.0 0.0 0.0 0.0 0.0 0.0 0.0 0.0 3.469446951953614E-18 0.0 0.0 0.0 0.0 0.0 0.0 0.0 0.0 0.0 0.0 0.0 0.0 0.0 1.0 0.0 0.0 0.0 0.0 0.0 0.0 0.0 0.0 0.0 0.0 0.0 0.0 0.0 0.0 8.881784197001252E-16 0.0 0.0 0.0 0.0 0.0 0.0
0.0 0.0 0.0 0.0 5.551115123125783E-17 0.0 0.0 0.0 0.0 0.0 0.0 0.0 0.0 0.0 0.0 0.0 0.0 0.0 -6.938893903907228E-18 0.0 0.0 0.0 0.0 0.0 0.0 0.0 0.0 0.0 0.0 1.0 0.0 0.0 0.0 0.0 0.0 0.0 0.0 0.0 -1.1368683772161603E-13 0.0 0.0 0.0 0.0 0.0 0.0 0.0 0.0 0.0 0.0 -1.1102230246251565E-16
0.0 0.0 0.0 0.0 0.0 0.0 0.0 0.0 0.0 0.0 0.0 -2.7755575615628914E-17 0.0 0.0 0.0 0.0 0.0 0.0 0.0 0.0 0.0 0.0 0.0 0.0 0.0 0.0 0.0 0.0 0.0 0.0 1.0 0.0 0.0 -8.881784197001252E-16 0.0 0.0 0.0 0.0 0.0 0.0 0.0 0.0 0.0 0.0 0.0 0.0 0.0 0.0 0.0 0.0
5.551115123125783E-17 0.0 -2.7755575615628914E-17 0.0 0.0 0.0 0.0 0.0 0.0 0.0 0.0 0.0 0.0 0.0 0.0 0.0 0.0 0.0 0.0 0.0 0.0 0.0 0.0 0.0 0.0 0.0 0.0 0.0 0.0 0.0 0.0 1.0 0.0 0.0 0.0 0.0 0.0 0.0 1.1368683772161603E-13 0.0 0.0 0.0 0.0 0.0 0.0 0.0 0.0 0.0 0.0 0.0
0.0 0.0 0.0 0.0 5.551115123125783E-17 0.0 0.0 0.0 0.0 0.0 0.0 0.0 0.0 0.0 0.0 -1.1102230246251565E-16 0.0 0.0 0.0 0.0 2.7755575615628914E-17 0.0 0.0 8.673617379884035E-19 0.0 0.0 0.0 0.0 0.0 0.0 0.0 0.0 1.0 0.0 0.0 0.0 0.0 0.0 0.0 0.0 0.0 0.0 -5.684341886080802E-14 0.0 0.0 0.0 0.0 0.0 0.0 0.0
0.0 0.0 0.0 0.0 0.0 0.0 0.0 0.0 0.0 0.0 0.0 0.0 0.0 0.0 0.0 0.0 0.0 0.0 6.938893903907228E-18 0.0 0.0 0.0 0.0 -8.673617379884035E-19 -6.938893903907228E-18 0.0 0.0 0.0 0.0 0.0 0.0 0.0 0.0 0.9999999999999999 8.881784197001252E-16 0.0 0.0 0.0 0.0 0.0 -5.684341886080802E-14 0.0 0.0 0.0 0.0 0.0 0.0 -2.220446049250313E-16 0.0 0.0
0.0 0.0 0.0 0.0 0.0 0.0 0.0 0.0 0.0 0.0 0.0 -2.7755575615628914E-17 0.0 0.0 0.0 0.0 0.0 0.0 -6.938893903907228E-18 0.0 0.0 8.673617379884035E-19 0.0 0.0 0.0 0.0 0.0 0.0 2.220446049250313E-16 0.0 0.0 0.0 0.0 0.0 1.0 0.0 -3.552713678800501E-15 0.0 0.0 0.0 0.0 0.0 0.0 0.0 0.0 0.0 0.0 0.0 0.0 0.0
0.0 0.0 0.0 0.0 0.0 0.0 0.0 0.0 0.0 0.0 0.0 0.0 0.0 0.0 0.0 0.0 -1.3877787807814457E-17 0.0 0.0 -2.7755575615628914E-17 0.0 0.0 0.0 0.0 0.0 0.0 0.0 0.0 0.0 0.0 0.0 -2.220446049250313E-16 0.0 0.0 0.0 1.0 -3.552713678800501E-15 0.0 0.0 0.0 0.0 0.0 0.0 0.0 0.0 0.0 0.0 -2.220446049250313E-16 0.0 0.0
0.0 0.0 0.0 0.0 0.0 0.0 0.0 -6.938893903907228E-18 0.0 0.0 0.0 0.0 0.0 0.0 0.0 0.0 0.0 0.0 0.0 0.0 0.0 0.0 0.0 0.0 0.0 0.0 0.0 0.0 0.0 0.0 0.0 0.0 1.7763568394002505E-15 0.0 0.0 0.0 1.0 0.0 0.0 0.0 -5.684341886080802E-14 0.0 0.0 8.881784197001252E-16 0.0 0.0 0.0 0.0 0.0 0.0
0.0 0.0 0.0 0.0 0.0 0.0 0.0 0.0 0.0 0.0 0.0 -2.7755575615628914E-17 0.0 0.0 0.0 0.0 0.0 0.0 0.0 0.0 0.0 0.0 0.0 0.0 0.0 0.0 0.0 0.0 0.0 0.0 0.0 -2.220446049250313E-16 0.0 0.0 -8.881784197001252E-16 0.0 0.0 1.0 0.0 0.0 0.0 0.0 0.0 0.0 0.0 0.0 0.0 2.220446049250313E-16 8.881784197001252E-16 0.0
0.0 0.0 0.0 0.0 0.0 0.0 0.0 0.0 0.0 0.0 0.0 0.0 0.0 0.0 0.0 0.0 0.0 0.0 0.0 0.0 0.0 0.0 0.0 0.0 0.0 0.0 0.0 0.0 0.0 0.0 -1.3877787807814457E-17 0.0 0.0 0.0 0.0 0.0 0.0 0.0 1.0 0.0 0.0 0.0 0.0 8.881784197001252E-16 0.0 0.0 0.0 0.0 0.0 0.0
0.0 0.0 -2.7755575615628914E-17 0.0 0.0 0.0 0.0 0.0 0.0 0.0 0.0 0.0 0.0 0.0 0.0 0.0 0.0 0.0 -6.938893903907228E-18 2.7755575615628914E-17 0.0 0.0 0.0 0.0 0.0 0.0 0.0 0.0 0.0 0.0 0.0 0.0 0.0 0.0 0.0 0.0 0.0 -1.4210854715202004E-14 -1.1368683772161603E-13 1.0 0.0 0.0 0.0 0.0 0.0 0.0 0.0 0.0 0.0 0.0
0.0 0.0 0.0 0.0 0.0 -1.734723475976807E-18 0.0 0.0 0.0 0.0 0.0 2.7755575615628914E-17 0.0 0.0 0.0 0.0 0.0 0.0 6.938893903907228E-18 -2.7755575615628914E-17 0.0 0.0 0.0 8.673617379884035E-19 0.0 -6.938893903907228E-18 0.0 0.0 0.0 0.0 0.0 0.0 0.0 8.881784197001252E-16 8.881784197001252E-16 0.0 -3.552713678800501E-15 0.0 0.0 0.0 1.0 0.0 0.0 8.881784197001252E-16 0.0 0.0 0.0 -2.220446049250313E-16 0.0 0.0
0.0 0.0 0.0 0.0 -5.551115123125783E-17 1.734723475976807E-18 0.0 0.0 0.0 0.0 0.0 0.0 0.0 0.0 0.0 0.0 0.0 0.0 0.0 2.7755575615628914E-17 0.0 0.0 0.0 0.0 0.0 0.0 0.0 0.0 0.0 0.0 0.0 0.0 0.0 0.0 0.0 0.0 0.0 0.0 0.0 0.0 0.0 1.0 0.0 -8.881784197001252E-16 0.0 0.0 0.0 0.0 0.0 -1.1102230246251565E-16
0.0 0.0 0.0 0.0 0.0 0.0 0.0 0.0 0.0 0.0 0.0 0.0 0.0 0.0 0.0 0.0 0.0 0.0 0.0 0.0 0.0 0.0 0.0 0.0 0.0 6.938893903907228E-18 0.0 0.0 0.0 0.0 -1.3877787807814457E-17 0.0 0.0 0.0 0.0 0.0 0.0 0.0 0.0 0.0 0.0 0.0 1.0 0.0 0.0 0.0 0.0 0.0 0.0 -1.1102230246251565E-16
0.0 0.0 0.0 0.0 0.0 0.0 0.0 0.0 0.0 0.0 0.0 0.0 0.0 0.0 0.0 0.0 0.0 -1.734723475976807E-18 0.0 0.0 2.7755575615628914E-17 0.0 0.0 0.0 0.0 0.0 0.0 0.0 0.0 0.0 1.3877787807814457E-17 -2.220446049250313E-16 0.0 0.0 0.0 0.0 0.0 0.0 1.1368683772161603E-13 0.0 -5.684341886080802E-14 0.0 5.684341886080802E-14 1.0 0.0 0.0 0.0 0.0 0.0 0.0
0.0 0.0 0.0 0.0 0.0 0.0 0.0 0.0 0.0 0.0 0.0 0.0 0.0 0.0 0.0 0.0 0.0 1.734723475976807E-18 0.0 -2.7755575615628914E-17 -2.7755575615628914E-17 0.0 0.0 0.0 -6.938893903907228E-18 0.0 0.0 0.0 0.0 0.0 0.0 0.0 -1.7763568394002505E-15 0.0 8.881784197001252E-16 0.0 0.0 0.0 0.0 0.0 0.0 0.0 0.0 0.0 1.0 0.0 0.0 0.0 0.0 0.0
0.0 0.0 0.0 5.551115123125783E-17 -5.551115123125783E-17 0.0 0.0 0.0 0.0 0.0 0.0 0.0 0.0 0.0 0.0 0.0 0.0 0.0 0.0 0.0 0.0 0.0 0.0 0.0 0.0 0.0 0.0 0.0 0.0 0.0 0.0 0.0 -1.7763568394002505E-15 0.0 0.0 0.0 0.0 0.0 0.0 0.0 0.0 0.0 0.0 0.0 0.0 1.0 0.0 0.0 0.0 0.0
0.0 0.0 0.0 5.551115123125783E-17 0.0 0.0 0.0 0.0 0.0 0.0 0.0 0.0 0.0 0.0 0.0 0.0 0.0 0.0 6.938893903907228E-18 -2.7755575615628914E-17 0.0 0.0 0.0 -8.673617379884035E-19 0.0 0.0 0.0 0.0 0.0 0.0 0.0 0.0 0.0 0.0 0.0 0.0 3.552713678800501E-15 0.0 1.1368683772161603E-13 0.0 0.0 0.0 0.0 0.0 0.0 0.0 0.9999999999999999 0.0 0.0 0.0
0.0 0.0 0.0 0.0 0.0 0.0 0.0 0.0 0.0 0.0 0.0 0.0 0.0 0.0 0.0 0.0 0.0 0.0 0.0 0.0 0.0 0.0 0.0 0.0 0.0 0.0 0.0 0.0 0.0 0.0 0.0 -2.220446049250313E-16 0.0 0.0 0.0 0.0 0.0 0.0 0.0 0.0 0.0 0.0 0.0 0.0 0.0 0.0 0.0 0.9999999999999999 0.0 0.0
0.0 0.0 0.0 0.0 0.0 0.0 0.0 0.0 0.0 0.0 0.0 0.0 0.0 0.0 0.0 0.0 0.0 0.0 0.0 0.0 0.0 0.0 0.0 0.0 0.0 -6.938893903907228E-18 0.0 0.0 0.0 0.0 -1.3877787807814457E-17 2.220446049250313E-16 0.0 0.0 0.0 0.0 0.0 0.0 0.0 0.0 0.0 0.0 0.0 0.0 0.0 0.0 0.0 0.0 1.0 -1.1102230246251565E-16
0.0 0.0 0.0 0.0 0.0 0.0 0.0 0.0 0.0 0.0 0.0 0.0 0.0 0.0 0.0 0.0 0.0 0.0 0.0 0.0 0.0 0.0 0.0 0.0 0.0 0.0 0.0 0.0 0.0 0.0 0.0 0.0 0.0 0.0 0.0 0.0 0.0 0.0 0.0 0.0 0.0 0.0 0.0 0.0 4.440892098500626E-16 0.0 0.0 0.0 0.0 1.0
-1.5657333713048442 -31.634408910430203 -20.7533341846878 -4.326547237648054 0.2575420420911763 22.153245913478187 29.254265026836592 7.333634053734182 -6.459586299744131 -19.615679836199337 7.983179801927986 -0.06617531619629596 38.34133366239468 15.561124793913498 44.19826745570475 12.57338345919786 6.718145189511989 3.313397622326419 -24.40276624111957 46.18882863953165 -28.258177790772606 -22.17171017488551 8.122447250337501 -20.589601108628944 14.944487540586598 -25.45516117156364 -27.079994848381133 15.005098860695577 -11.659212970058539 -25.99322653888244 13.025563957088869 16.166116522350695 15.644011900551003 -20.552356038790748 -27.091070379822828 -25.663449179844598 4.927275104326828 -7.569373351953336 30.7467127517683 7.249270782465001 -5.056183864495681 35.58486439385709 -10.807000720805936 8.745784322894822 0.10082375024541297 -53.16504252477125 15.128291488299666 42.99290250532668 2.2914472110111546 -15.575127589145186
